,total_sqft_clean,bhk,bath,balcony,price,price_per_sqft
total_sqft_clean,1.0,0.812,0.784,0.348,0.814,0.381
bhk,0.812,1.0,0.837,0.313,0.672,0.298
bath,0.784,0.837,1.0,0.321,0.704,0.367
balcony,0.348,0.313,0.321,1.0,0.234,0.052
price,0.814,0.672,0.704,0.234,1.0,0.808
price_per_sqft,0.381,0.298,0.367,0.052,0.808,1.0
