,total_sqft_clean,bhk,bath,balcony,price,price_per_sqft
total_sqft_clean,1.0,0.658,0.687,0.206,0.719,0.303
bhk,0.658,1.0,0.87,0.254,0.477,0.281
bath,0.687,0.87,1.0,0.246,0.526,0.329
balcony,0.206,0.254,0.246,1.0,0.133,0.041
price,0.719,0.477,0.526,0.133,1.0,0.725
price_per_sqft,0.303,0.281,0.329,0.041,0.725,1.0
